frame_num,people_detected_count,processing_time
1,0,1.4936180114746094
2,0,0.24798822402954102
3,0,0.19327688217163086
4,0,0.17624664306640625
5,0,0.1745615005493164
6,1,0.17700743675231934
7,0,0.17492985725402832
8,0,0.1885545253753662
9,0,0.19499635696411133
10,0,0.18594646453857422
11,0,0.21547913551330566
12,0,0.1861882209777832
13,0,0.21975159645080566
14,0,0.20220470428466797
15,0,0.2094275951385498
16,0,0.1869673728942871
17,0,0.25885915756225586
18,0,0.48316240310668945
19,0,0.3579249382019043
20,0,0.5477826595306396
21,0,0.45882201194763184
22,0,0.7970051765441895
23,0,0.4555509090423584
24,0,0.42577075958251953
25,0,0.21842551231384277
26,0,0.18953466415405273
27,0,0.20850467681884766
28,0,0.18244147300720215
29,0,0.18309330940246582
30,0,0.17733335494995117
31,0,0.1785135269165039
32,0,0.17725777626037598
33,0,0.18602252006530762
34,0,0.17943096160888672
35,0,0.18216204643249512
36,0,0.17761731147766113
37,0,0.17908000946044922
38,0,0.1799943447113037
39,0,0.180877685546875
40,0,0.18088173866271973
41,0,0.18009138107299805
42,0,0.2138500213623047
43,0,0.1987760066986084
44,0,0.19135713577270508
45,1,0.17864179611206055
46,1,0.21073389053344727
47,0,0.1739950180053711
48,1,0.18185210227966309
49,1,0.1934192180633545
50,1,0.1766350269317627
51,1,0.17829298973083496
52,0,0.18292236328125
53,0,0.18133997917175293
54,0,0.17963957786560059
55,0,0.17620563507080078
56,0,0.18201804161071777
57,1,0.18079352378845215
58,1,0.18387293815612793
59,1,0.18990516662597656
60,1,0.18424415588378906
61,1,0.18157958984375
62,1,0.1843574047088623
63,1,0.18803024291992188
64,1,0.1764984130859375
65,0,0.2532680034637451
66,0,0.2028183937072754
67,0,0.20206761360168457
68,0,0.23298430442810059
69,0,0.21206879615783691
70,0,0.2024538516998291
71,0,0.20858144760131836
72,0,0.18024110794067383
73,0,0.17682838439941406
74,0,0.1845836639404297
75,0,0.19809389114379883
76,0,0.1973283290863037
77,1,0.18395233154296875
78,0,0.18406915664672852
79,0,0.1815934181213379
80,0,0.1793229579925537
81,0,0.1807398796081543
82,0,0.18007159233093262
83,0,0.1901111602783203
84,0,0.1780107021331787
85,0,0.18783831596374512
86,0,0.20146727561950684
87,0,0.17805695533752441
88,0,0.18151021003723145
89,0,0.18103885650634766
90,0,0.18272995948791504
91,0,0.18375706672668457
92,0,0.18509721755981445
93,0,0.18142390251159668
94,0,0.18479132652282715
95,0,0.185591459274292
96,0,0.17541074752807617
97,0,0.1800367832183838
98,0,0.17795848846435547
99,0,0.17653250694274902
100,0,0.18274569511413574
101,1,0.1742396354675293
102,1,0.17815876007080078
103,1,0.17740821838378906
104,1,0.17713689804077148
105,0,0.16901445388793945
106,0,0.17554402351379395
107,0,0.17418313026428223
108,0,0.17911839485168457
109,0,0.1743631362915039
110,0,0.17308902740478516
111,0,0.1738424301147461
112,0,0.18013358116149902
113,0,0.17888998985290527
114,0,0.17802214622497559
115,0,0.17372870445251465
116,0,0.1765584945678711
117,0,0.17512941360473633
118,0,0.17998862266540527
119,0,0.176222562789917
120,0,0.17561984062194824
121,0,0.18102073669433594
122,0,0.17483997344970703
123,0,0.1784801483154297
124,0,0.17551136016845703
125,0,0.17680954933166504
126,0,0.17931342124938965
127,0,0.18649697303771973
128,0,0.18019485473632812
129,0,0.17688870429992676
130,0,0.1778731346130371
131,1,0.17714738845825195
132,1,0.18328094482421875
133,0,0.18121027946472168
134,0,0.18166899681091309
135,0,0.18597936630249023
136,0,0.17930030822753906
137,0,0.18762469291687012
138,0,0.1776866912841797
139,0,0.1837921142578125
140,0,0.17422842979431152
141,0,0.17549896240234375
142,0,0.17757725715637207
143,0,0.17388296127319336
144,0,0.20180940628051758
145,0,0.18991541862487793
146,0,0.17809557914733887
147,0,0.17380785942077637
148,0,0.19416069984436035
149,0,0.1785886287689209
150,0,0.17801570892333984
151,0,0.17533206939697266
152,0,0.17743253707885742
153,0,0.1769869327545166
154,0,0.1834249496459961
155,0,0.17452669143676758
156,0,0.1827831268310547
157,0,0.17594408988952637
158,0,0.1806507110595703
159,0,0.17592263221740723
160,0,0.1780986785888672
161,0,0.19325041770935059
162,0,0.1760876178741455
163,0,0.1789994239807129
164,0,0.18985271453857422
165,0,0.17618179321289062
166,0,0.17527532577514648
167,0,0.17643284797668457
168,0,0.18209242820739746
169,0,0.17652392387390137
170,0,0.17686867713928223
171,0,0.20225882530212402
172,0,0.1754922866821289
173,0,0.1859884262084961
174,0,0.17697882652282715
175,0,0.1820235252380371
176,0,0.17920827865600586
177,0,0.17731547355651855
178,0,0.23141002655029297
179,0,0.17783164978027344
180,0,0.17475676536560059
181,1,0.17403578758239746
182,0,0.17434167861938477
183,0,0.1804971694946289
184,0,0.17684531211853027
185,0,0.1787552833557129
186,0,0.17942428588867188
187,0,0.17659258842468262
188,0,0.18776869773864746
189,0,0.1757194995880127
190,0,0.17789340019226074
191,0,0.17981481552124023
192,0,0.21122431755065918
193,0,0.17661619186401367
194,0,0.17829513549804688
195,0,0.17749381065368652
196,0,0.18201422691345215
197,0,0.1761174201965332
198,0,0.1779158115386963
199,0,0.18517708778381348
200,0,0.18335413932800293
201,0,0.1749880313873291
202,0,0.17690587043762207
203,0,0.17831659317016602
204,0,0.1756143569946289
205,0,0.17667913436889648
206,0,0.19755196571350098
207,1,0.17999887466430664
208,1,0.17377066612243652
209,0,0.2046065330505371
210,0,0.1772918701171875
211,1,0.18094134330749512
212,1,0.17236590385437012
213,1,0.17124652862548828
214,0,0.1754438877105713
215,0,0.17569279670715332
216,0,0.1748647689819336
217,0,0.18226289749145508
218,0,0.17450976371765137
219,0,0.1756153106689453
220,0,0.17325329780578613
221,0,0.1751852035522461
222,0,0.18112540245056152
223,0,0.1755962371826172
224,0,0.17427945137023926
225,0,0.19977474212646484
226,0,0.17555642127990723
227,0,0.17318034172058105
228,0,0.17734408378601074
229,1,0.18510055541992188
230,1,0.20553135871887207
231,1,0.17730498313903809
232,1,0.17487764358520508
233,1,0.17743134498596191
234,0,0.1774439811706543
235,0,0.17313313484191895
236,0,0.17625665664672852
237,0,0.17587518692016602
238,0,0.1747419834136963
239,0,0.1721668243408203
240,0,0.17414069175720215
241,0,0.17193341255187988
242,0,0.17215347290039062
243,0,0.17390990257263184
244,0,0.17425775527954102
245,0,0.17494750022888184
246,1,0.1740894317626953
247,1,0.19176530838012695
248,1,0.18359088897705078
249,0,0.17285704612731934
250,0,0.17251157760620117
251,0,0.17548203468322754
252,0,0.17663168907165527
253,0,0.17447209358215332
254,0,0.17574143409729004
255,0,0.17534565925598145
256,0,0.17387962341308594
257,0,0.1761486530303955
258,0,0.1746060848236084
259,0,0.17505145072937012
260,1,0.18113040924072266
261,1,0.18412113189697266
262,1,0.1751856803894043
263,1,0.24128127098083496
264,1,0.4837186336517334
265,0,0.35225796699523926
266,0,0.3475301265716553
267,0,0.46044158935546875
268,0,0.45713186264038086
269,0,0.4615809917449951
270,0,0.46115922927856445
271,0,0.45806026458740234
272,0,0.17231082916259766
273,0,0.18528199195861816
274,0,0.1857292652130127
275,0,0.19363832473754883
276,0,0.17684340476989746
277,0,0.19469738006591797
278,0,0.1738893985748291
279,0,0.1777029037475586
280,0,0.18274688720703125
281,0,0.17365264892578125
282,0,0.17712736129760742
283,0,0.17668366432189941
284,0,0.17011642456054688
285,0,0.17512083053588867
286,0,0.17431402206420898
287,0,0.17438054084777832
288,0,0.17333078384399414
289,0,0.17456793785095215
290,0,0.17379522323608398
291,0,0.1758744716644287
292,0,0.1719799041748047
293,0,0.17417430877685547
294,0,0.17334294319152832
295,0,0.17424821853637695
296,0,0.17382335662841797
297,0,0.17640256881713867
298,0,0.17399811744689941
299,0,0.17522263526916504
300,0,0.17432427406311035
301,0,0.17548203468322754
302,0,0.19110751152038574
303,1,0.17606639862060547
304,0,0.17482542991638184
305,0,0.17290067672729492
306,0,0.1966419219970703
307,0,0.17528724670410156
308,0,0.19121742248535156
309,0,0.17653107643127441
310,0,0.1759183406829834
311,0,0.17322635650634766
312,0,0.17551016807556152
313,0,0.17357158660888672
314,0,0.17433905601501465
315,0,0.17549681663513184
316,0,0.17635059356689453
317,0,0.174635648727417
318,0,0.1735978126525879
319,0,0.17499113082885742
320,0,0.1768169403076172
321,0,0.17514348030090332
322,0,0.17553305625915527
323,0,0.17247486114501953
324,0,0.17108511924743652
325,0,0.17597174644470215
326,0,0.2060234546661377
327,0,0.17607855796813965
328,0,0.17457318305969238
329,0,0.17026734352111816
330,0,0.17337608337402344
331,0,0.17281198501586914
332,0,0.17218565940856934
333,0,0.17479276657104492
334,0,0.1742405891418457
335,0,0.17349886894226074
336,0,0.17321395874023438
337,0,0.1737194061279297
338,0,0.173004150390625
339,0,0.1688852310180664
340,0,0.18987584114074707
341,0,0.17295145988464355
342,0,0.1745462417602539
343,0,0.22491955757141113
344,0,0.1957077980041504
345,0,0.17594575881958008
346,0,0.18090510368347168
347,0,0.18108129501342773
348,0,0.19623255729675293
349,0,0.20411252975463867
350,0,0.18225741386413574
351,0,0.18218493461608887
352,0,0.17702841758728027
353,0,0.172149658203125
354,0,0.19826340675354004
355,0,0.17979741096496582
356,0,0.1758711338043213
357,0,0.17772388458251953
358,0,0.18529939651489258
359,0,0.17460393905639648
360,0,0.17882037162780762
361,0,0.1851975917816162
362,0,0.1770334243774414
363,0,0.1761760711669922
364,0,0.17465639114379883
365,0,0.1761331558227539
366,0,0.1740109920501709
367,0,0.1773242950439453
368,0,0.17574858665466309
369,0,0.17845749855041504
370,0,0.1728198528289795
371,0,0.1795978546142578
372,0,0.17705488204956055
373,0,0.1765744686126709
374,0,0.1788465976715088
375,0,0.17873072624206543
376,0,0.1718897819519043
377,0,0.16935300827026367
378,0,0.21407842636108398
379,0,0.17621445655822754
380,0,0.17583060264587402
381,0,0.17567014694213867
382,0,0.17865920066833496
383,0,0.17883729934692383
384,0,0.1764211654663086
385,0,0.17709112167358398
386,0,0.18432903289794922
387,0,0.17653632164001465
388,1,0.1774139404296875
389,0,0.18024992942810059
390,0,0.17477655410766602
391,0,0.1752321720123291
392,0,0.17439675331115723
393,0,0.17795801162719727
394,0,0.17724609375
395,0,0.17678189277648926
396,0,0.1743149757385254
397,0,0.17699432373046875
398,0,0.1780390739440918
399,0,0.17491602897644043
400,0,0.17286229133605957
401,0,0.1767127513885498
402,0,0.17571568489074707
403,0,0.17323613166809082
404,0,0.17476987838745117
405,0,0.1778545379638672
406,0,0.17945098876953125
407,0,0.17769312858581543
408,0,0.17427968978881836
409,0,0.17722392082214355
410,0,0.1733088493347168
411,0,0.1776571273803711
412,0,0.18123340606689453
413,0,0.17667341232299805
414,0,0.18945026397705078
415,0,0.17827630043029785
416,0,0.269120454788208
417,0,0.1780986785888672
418,0,0.176069974899292
419,0,0.1970200538635254
420,0,0.19566893577575684
421,0,0.18175101280212402
422,0,0.18478608131408691
423,0,0.17616534233093262
424,0,0.1786634922027588
425,0,0.1792910099029541
426,0,0.17748069763183594
427,0,0.17410683631896973
428,0,0.17468905448913574
429,0,0.19101834297180176
430,0,0.17847967147827148
431,0,0.18782258033752441
432,0,0.17828869819641113
433,0,0.18335175514221191
434,0,0.17805171012878418
435,0,0.17822647094726562
436,0,0.18505406379699707
437,0,0.17454051971435547
438,0,0.17613768577575684
439,0,0.1780257225036621
440,0,0.17763948440551758
441,0,0.1726970672607422
442,0,0.17973566055297852
443,0,0.17715144157409668
444,0,0.1808178424835205
445,0,0.1764967441558838
446,0,0.22575974464416504
447,0,0.179426908493042
448,0,0.17612385749816895
449,0,0.1781766414642334
450,0,0.17754840850830078
451,0,0.17856192588806152
452,0,0.1773843765258789
453,0,0.17723679542541504
454,0,0.17574334144592285
455,0,0.17786955833435059
456,0,0.17908811569213867
457,0,0.17661046981811523
458,0,0.1775963306427002
459,0,0.1785295009613037
460,0,0.17654800415039062
461,0,0.18017029762268066
462,0,0.1770944595336914
463,0,0.19001054763793945
464,0,0.1752026081085205
465,0,0.1754744052886963
466,0,0.17798447608947754
467,0,0.17801284790039062
468,0,0.1779637336730957
469,0,0.17562508583068848
470,0,0.17842721939086914
471,0,0.17499423027038574
472,0,0.17579913139343262
473,0,0.17592167854309082
474,0,0.1766526699066162
475,0,0.1771252155303955
476,0,0.17670750617980957
477,0,0.17499709129333496
478,0,0.17595911026000977
479,0,0.1792452335357666
480,0,0.1806318759918213
481,0,0.17676162719726562
482,0,0.1784508228302002
483,0,0.17925524711608887
484,0,0.17456507682800293
485,0,0.18032622337341309
486,0,0.17583990097045898
487,0,0.1808757781982422
488,0,0.20341944694519043
489,0,0.18356537818908691
490,0,0.19562864303588867
491,0,0.17791461944580078
492,0,0.18065142631530762
493,0,0.17905211448669434
494,0,0.18150067329406738
495,0,0.19306039810180664
496,0,0.17494678497314453
497,0,0.18438458442687988
498,0,0.19000673294067383
499,0,0.17663025856018066
500,0,0.17483091354370117
501,0,0.1742548942565918
502,0,0.18195843696594238
503,0,0.1755530834197998
504,0,0.1771678924560547
505,0,0.17696666717529297
506,0,0.17688536643981934
507,0,0.17902541160583496
508,0,0.1779639720916748
509,0,0.1785111427307129
510,0,0.1761951446533203
511,0,0.17603349685668945
512,0,0.1882307529449463
513,0,0.2588675022125244
514,0,0.36083483695983887
515,0,0.3351626396179199
516,0,0.32236790657043457
517,0,0.44336462020874023
518,0,0.45558905601501465
519,0,0.4574277400970459
520,0,0.4563779830932617
521,0,0.4551105499267578
522,0,0.27440452575683594
523,0,0.17766833305358887
524,0,0.17651629447937012
525,0,0.17267680168151855
526,0,0.18098711967468262
527,0,0.17731142044067383
528,0,0.17729806900024414
529,0,0.17467999458312988
530,0,0.1765880584716797
531,0,0.17726707458496094
532,0,0.1749417781829834
533,0,0.17784857749938965
534,0,0.1758415699005127
535,0,0.17488527297973633
536,0,0.17380428314208984
537,0,0.17432212829589844
538,0,0.17444252967834473
539,0,0.1754283905029297
540,0,0.17612791061401367
541,0,0.22603487968444824
542,0,0.1758873462677002
543,0,0.17793536186218262
544,0,0.17827105522155762
545,0,0.17493867874145508
546,0,0.1748366355895996
547,0,0.17608237266540527
548,0,0.1800987720489502
549,0,0.17538976669311523
550,0,0.17220067977905273
551,0,0.1752605438232422
552,0,0.17637276649475098
553,0,0.1752312183380127
554,0,0.17734456062316895
555,0,0.17666339874267578
556,0,0.17650222778320312
557,0,0.1740872859954834
558,0,0.1749732494354248
559,0,0.20213937759399414
560,0,0.17416644096374512
561,0,0.17296504974365234
562,0,0.17558646202087402
563,0,0.18018531799316406
564,0,0.16963839530944824
565,0,0.1735692024230957
566,0,0.17666006088256836
567,0,0.1733109951019287
568,0,0.17284440994262695
569,0,0.17386102676391602
570,0,0.17243456840515137
571,0,0.18208837509155273
572,0,0.17397189140319824
573,0,0.1715841293334961
574,0,0.17402076721191406
575,0,0.17347383499145508
576,0,0.22189068794250488
577,0,0.17438864707946777
578,0,0.18297123908996582
579,0,0.18520593643188477
580,0,0.1749730110168457
581,0,0.1741323471069336
582,0,0.1749410629272461
583,0,0.1739668846130371
584,0,0.18148064613342285
585,0,0.1846001148223877
586,0,0.17804551124572754
587,0,0.2015998363494873
588,0,0.17817044258117676
589,0,0.1766953468322754
590,0,0.17699503898620605
591,0,0.17415428161621094
592,0,0.17379522323608398
593,0,0.1997838020324707
594,0,0.20275521278381348
595,0,0.17353272438049316
596,0,0.1985611915588379
597,0,0.17284536361694336
598,0,0.17381906509399414
599,0,0.17493104934692383
600,0,0.17449164390563965
601,0,0.1752910614013672
602,0,0.1761152744293213
603,0,0.1753523349761963
604,0,0.17354416847229004
605,0,0.17377758026123047
606,0,0.1756591796875
607,0,0.17982697486877441
608,0,0.17302870750427246
609,0,0.17685747146606445
610,0,0.1826157569885254
611,0,0.1746199131011963
612,0,0.17610526084899902
613,0,0.17989253997802734
614,0,0.17619967460632324
615,0,0.17223572731018066
616,0,0.17237520217895508
617,0,0.1725635528564453
618,0,0.17630934715270996
619,0,0.17543482780456543
620,0,0.17577767372131348
621,0,0.17504572868347168
622,0,0.17566442489624023
623,0,0.17757177352905273
624,0,0.17640471458435059
625,0,0.17730045318603516
626,0,0.1771252155303955
627,0,0.1755082607269287
628,0,0.20784354209899902
629,0,0.17723727226257324
630,0,0.17526507377624512
631,0,0.17954182624816895
632,0,0.1789991855621338
633,0,0.17599892616271973
634,0,0.17727255821228027
635,0,0.2307124137878418
636,0,0.5140492916107178
637,0,0.4303102493286133
638,0,0.27163004875183105
639,0,0.5701308250427246
640,0,0.3634488582611084
641,0,0.5260269641876221
642,0,0.4862997531890869
